33.312
117.015
131.763
194.581
3.324
27.869
113.510
141.157
71.070
203.010
117.577
6.442
13.961
7.895
119.011
7.490
12.518
48.140
415.675
1.156
73.460
109.600
209.675
209.634
27.945
93.350
115.701
59.319
9.804
0.126
66.869
53.792
63.613
9.242
40.860
59.452
136.494
38.893
47.634
3.507
176.096
3.288
49.130
4.071
10.766
43.672
38.694
78.025
68.699
31.015
174.237
7.189
92.751
92.906
38.144
174.740
1.914
34.046
4.578
31.286
35.046
1.657
5.149
50.332
7.661
6.170
9.347
70.450
10.529
221.304
4.033
59.811
148.819
149.460
7.055
70.813
32.406
10.385
94.901
38.169
377.988
11.352
19.997
34.275
5.212
12.777
34.929
4.781
141.826
31.985
38.307
56.459
301.214
53.173
16.536
41.316
41.128
77.003
30.773
31.989
38.018
35.940
106.027
7.240
116.947
45.406
155.718
529.528
17.196
149.518
157.540
152.129
98.895
155.193
1.144
96.992
33.368
131.928
7.351
16.764
99.167
24.115
145.450
180.362
729.135
3.807
13.652
62.916
23.663
26.347
66.125
17.196
34.259
49.473
128.214
163.600
116.431
52.936
113.510
103.267
61.560
24.145
30.653
74.723
127.039
73.888
48.475
80.132
118.430
8.535
9.417
1.178
30.036
71.220
0.694
18.049
46.217
151.431
84.883
41.198
19.918
6.442
7.168
65.530
220.998
102.554
101.719
22.208
147.009
220.110
54.257
42.324
115.624
46.048
261.137
9.004
196.604
117.015
4.321
44.963
102.554
95.958
1.676
0.694
30.606
102.837
78.635
72.575
19.547
33.807
366.206
10.368
3.464
19.595
13.984
68.636
46.048
156.097
14.727
0.408
45.964
42.878
53.136
8.380
159.774
130.651
379.276
72.826
117.235
42.219
73.947
56.475
32.902
7.369
216.264
89.617
52.972
151.520
91.516
2.576
106.027
86.287
53.033
84.883
26.462
44.632
102.418
207.140
106.798
108.030
284.238
12.747
44.019
260.472
87.572
36.164
27.916
86.770
82.537
33.807
30.211
10.092
17.269
42.099
151.330
71.143
28.185
40.600
40.860
95.518
95.938
202.216
69.416
92.906
88.358
29.402
160.640
173.109
14.113
124.159
41.991
107.913
323.463
24.294
113.540
4.949
12.111
103.113
131.441
95.580
62.165
51.834
93.350
116.403
94.875
41.006
165.937
409.445
4.824
99.838
123.188
15.628
168.245
38.181
152.079
76.941
131.545
63.135
90.480
30.576
16.939
67.848
39.823
109.600
64.790
20.105
18.952
44.958
22.007
129.404
2.437
414.874
17.534
89.266
29.103
15.628
27.332
38.169
19.667
20.586
65.663
71.810
26.017
71.480
143.167
81.350
7.368
2.085
67.191
93.943
120.563
23.498
49.473
65.564
19.997
247.343
43.116
6.742
238.581
78.035
144.458
10.269
38.779
67.602
29.402
73.888
56.674
69.293
90.380
355.027
8.535
108.030
26.634
61.888
116.947
414.874
729.135
41.769
42.779
73.447
4.393
63.557
1.870
1.178
66.629
226.456
9.242
26.237
48.487
61.124
24.412
54.658
61.730
61.888
16.110
15.409
27.657
93.362
11.574
27.572
65.530
3.335
89.617
62.384
398.167
71.070
61.651
27.432
38.694
222.817
49.657
353.401
66.457
30.906
48.235
17.715
433.480
74.514
119.983
32.459
2.984
217.538
4.459
295.533
119.983
44.548
106.381
1.399
163.400
149.138
32.939
40.416
44.025
134.821
113.854
20.720
47.738
101.152
147.009
130.541
99.911
101.773
50.274
161.047
3.648
4.393
7.728
1.354
82.794
138.538
95.291
43.138
68.447
102.418
48.036
150.498
32.902
32.586
23.392
31.769
2.624
96.921
244.349
37.618
2.437
45.931
57.428
25.552
51.282
72.210
70.201
3.916
157.868
91.686
95.519
73.576
46.518
44.314
9.070
41.267
174.740
146.646
72.242
74.690
102.554
164.707
56.250
23.392
70.973
344.479
249.614
7.895
89.113
11.763
58.941
65.361
0.126
89.687
340.152
26.826
32.902
106.161
54.640
154.792
7.392
38.181
94.311
35.552
62.909
45.630
153.552
155.006
9.718
80.025
354.477
78.820
106.951
3.052
101.430
10.203
128.984
131.210
41.999
340.152
52.972
11.810
38.892
9.177
28.270
101.800
24.246
95.257
48.574
68.703
33.038
61.302
105.800
166.126
154.034
21.379
114.791
38.018
40.416
156.668
43.317
75.842
226.456
60.077
14.764
2.169
90.380
31.286
218.679
56.550
34.846
6.472
10.291
171.485
43.570
78.197
38.876
44.632
86.672
18.470
49.165
42.572
94.183
90.831
2.210
11.274
51.952
26.381
21.415
12.975
15.540
150.750
146.646
19.833
11.470
53.492
471.157
62.085
92.233
121.208
12.806
18.173
20.143
40.695
9.718
13.402
96.504
72.722
20.574
134.942
24.026
36.546
17.548
13.652
6.350
33.106
6.980
159.102
25.109
17.499
61.560
92.451
29.271
105.800
252.249
619.887
59.790
99.615
110.962
87.161
116.386
1.676
54.934
121.208
0.258
29.402
141.553
22.747
63.158
206.934
17.670
66.155
134.942
149.776
52.493
39.452
53.772
154.880
19.606
88.260
82.137
93.672
13.652
19.235
2.169
20.984
93.350
54.406
66.513
106.274
15.360
131.545
39.598
32.659
66.102
106.328
34.471
230.035
5.820
26.861
62.277
67.131
13.234
54.934
103.641
27.432
17.994
254.730
31.676
17.548
9.629
55.266
10.906
153.935
122.337
97.905
2.812
34.080
43.808
1.259
170.239
160.878
30.317
169.163
20.129
193.786
77.706
101.783
34.938
207.969
68.487
36.632
7.895
27.786
61.163
31.576
174.740
46.757
78.924
22.939
184.575
19.400
43.131
215.274
42.779
46.171
45.931
2.064
247.343
73.406
74.723
126.154
13.674
296.658
180.362
105.982
18.862
174.237
0.459
1.383
69.809
66.629
134.821
85.756
43.169
22.629
35.146
123.432
231.009
96.921
26.069
2.812
105.100
80.362
103.098
21.290
98.675
26.428
32.734
19.833
9.383
8.757
36.059
94.298
17.274
93.290
50.901
24.190
193.105
17.189
45.692
59.667
63.493
248.029
70.634
130.660
17.196
37.712
97.412
128.984
220.390
53.004
167.128
77.290
15.927
13.917
11.780
369.858
26.826
19.918
50.301
163.930
211.812
49.165
174.237
113.068
67.191
20.478
118.129
26.453
21.216
12.819
0.320
78.479
38.036
14.995
88.343
346.098
108.676
22.392
35.745
350.668
2.984
92.331
79.288
25.171
82.734
14.113
37.093
62.191
7.369
34.925
167.128
11.843
14.837
83.179
10.788
63.342
211.244
87.572
59.754
219.407
70.231
62.202
134.680
199.141
15.360
52.171
79.715
57.616
116.997
11.641
1.262
26.604
376.991
70.450
136.947
93.672
32.489
135.360
81.755
13.879
33.038
33.381
218.148
89.225
47.551
49.102
9.070
104.124
171.152
29.230
27.507
107.152
53.173
8.953
62.873
61.163
105.800
177.291
320.396
29.103
20.088
54.455
104.914
159.774
173.671
70.076
107.552
156.953
94.907
78.053
303.200
1.262
365.960
141.157
3.344
5.682
5.420
24.375
134.821
65.663
31.537
164.184
158.512
15.674
20.817
150.743
211.812
144.757
10.514
20.817
336.954
12.296
150.743
45.065
75.289
18.834
58.266
69.957
120.312
16.121
32.747
160.878
90.328
360.629
33.597
176.694
154.969
107.032
3.592
25.737
28.079
138.203
24.233
2.624
90.380
44.860
77.195
9.215
116.114
42.513
54.542
72.764
75.474
126.422
60.773
34.077
42.513
244.320
128.745
48.689
3.823
74.690
39.771
24.132
21.196
49.296
26.237
216.761
103.653
161.487
31.253
90.230
125.525
294.015
169.241
154.969
30.447
106.027
1.070
1.201
102.554
163.600
15.680
138.155
165.274
89.906
155.492
24.026
70.353
126.835
23.967
31.975
11.155
18.847
31.491
275.132
94.607
104.103
31.319
27.967
84.164
15.028
57.602
59.809
177.278
11.274
61.967
85.981
44.073
85.174
22.587
170.239
134.421
3.484
209.675
162.975
85.763
4.813
20.519
59.560
311.238
58.926
7.485
37.117
39.736
62.202
112.125
13.291
146.433
145.562
29.865
14.976
89.674
35.457
169.569
38.678
289.406
7.285
77.137
185.532
69.293
36.528
32.283
28.333
44.963
0.709
133.070
244.320
65.370
144.980
30.122
19.055
17.470
313.136
0.454
90.934
42.595
101.716
21.290
14.995
92.451
42.451
101.716
82.137
184.575
197.738
1.201
58.862
169.483
40.416
62.878
196.416
262.451
146.934
47.047
43.801
16.046
23.447
1.431
20.974
138.910
7.055
75.314
275.457
28.025
103.711
43.570
100.139
77.195
80.025
50.583
43.532
42.172
54.760
40.103
28.066
25.166
244.320
149.776
79.715
100.185
39.897
63.435
16.560
42.218
8.501
211.244
40.813
26.218
3.812
1.744
161.356
35.535
61.482
70.109
4.582
25.116
433.480
78.195
170.372
249.453
135.777
155.153
45.406
35.872
60.078
306.703
42.779
35.904
132.067
2.537
9.151
117.053
38.314
184.232
25.716
8.465
5.364
34.745
278.653
34.203
137.531
13.681
419.476
7.883
94.910
1.524
109.904
99.248
32.656
40.547
53.323
64.558
286.633
145.311
83.179
150.366
98.938
46.403
26.462
12.017
122.841
16.183
41.991
358.306
95.069
40.270
19.595
83.059
204.009
66.457
19.400
106.582
65.639
42.766
72.210
8.003
34.928
23.506
26.384
26.827
85.418
81.069
21.868
7.591
207.330
153.192
24.030
250.689
93.089
95.731
32.586
61.323
38.893
115.053
16.535
143.471
99.248
15.587
93.350
12.017
5.463
35.817
209.634
42.819
56.408
91.686
75.012
1.933
28.920
11.492
17.470
0.621
14.549
162.297
101.783
127.534
41.991
377.988
123.603
25.166
65.586
263.824
66.544
95.646
24.320
30.564
49.477
61.124
53.216
18.596
11.221
122.841
26.407
45.639
3.546
46.331
13.318
1.449
72.603
32.764
113.510
97.960
23.170
13.275
12.384
41.805
346.159
35.616
34.275
80.981
12.796
25.109
207.330
40.990
150.934
66.481
95.958
23.306
150.743
38.307
75.715
147.242
43.294
70.996
121.442
60.293
8.986
60.730
61.651
21.854
215.274
31.975
139.512
51.695
14.337
138.640
104.133
2.967
28.333
5.820
19.461
81.552
42.796
62.202
41.645
22.939
2.699
184.342
51.843
13.310
131.233
41.945
68.346
103.298
45.249
28.705
33.337
48.377
187.096
37.311
105.982
83.924
62.851
0.275
84.483
7.392
466.023
13.310
73.486
14.337
6.535
67.882
33.807
72.038
41.078
98.019
216.761
6.075
78.936
79.837
121.442
31.734
84.883
193.692
332.005
25.166
77.076
42.451
76.941
46.156
619.887
261.952
113.510
108.442
279.739
3.191
163.453
1.903
172.316
90.051
66.532
80.083
26.634
1.451
452.286
17.695
65.586
97.022
20.282
41.006
261.952
95.958
28.718
153.949
271.161
96.992
176.694
67.131
25.041
211.244
156.228
31.286
66.834
9.417
97.281
21.764
26.784
471.157
260.626
59.319
65.744
3.992
11.428
146.640
19.595
43.464
112.116
78.522
25.886
370.920
24.948
31.534
150.089
48.854
28.025
52.742
93.545
134.942
116.337
11.262
41.104
150.769
44.249
38.314
29.163
50.194
63.158
73.406
419.476
24.033
20.659
177.959
281.548
26.428
100.689
196.212
50.901
6.060
15.358
15.177
111.071
3.420
90.165
56.408
69.957
15.394
98.618
92.250
106.912
153.949
62.623
35.609
13.356
6.726
45.531
158.352
195.657
211.388
16.121
73.406
35.091
21.279
39.545
3.714
13.619
22.280
137.128
2.967
106.328
75.701
9.025
51.653
14.995
117.660
23.229
7.485
3.916
88.494
152.253
36.503
96.008
90.184
150.743
73.947
23.382
140.348
21.737
27.728
222.836
18.297
5.233
57.703
3.082
156.799
93.752
26.717
158.224
6.788
62.085
471.157
67.899
96.509
55.937
92.496
9.025
163.453
39.771
8.003
42.507
5.252
8.380
162.070
146.967
106.582
26.384
51.952
25.211
82.412
66.298
54.528
3.191
41.157
8.426
0.370
14.228
44.316
21.206
63.493
66.421
21.701
74.642
222.757
10.820
145.446
21.279
18.834
19.389
5.073
13.318
126.114
90.328
97.620
125.969
126.559
53.792
180.480
155.492
3.973
275.132
51.492
19.194
64.995
77.137
66.481
33.312
1.174
150.366
68.010
260.398
13.634
13.668
83.951
226.448
61.977
34.426
29.445
1.277
102.418
125.836
31.074
48.341
86.222
207.438
90.795
67.757
95.183
118.430
37.939
53.517
119.202
96.325
75.516
37.093
100.508
14.991
40.784
100.508
275.132
207.098
170.627
152.664
7.368
13.961
78.708
18.880
59.084
174.237
152.253
7.694
61.052
14.021
110.483
21.460
8.162
101.719
123.596
34.259
12.103
86.280
0.275
88.212
66.480
121.537
107.843
192.942
17.579
74.723
129.291
94.907
38.314
100.434
97.205
199.425
74.497
59.560
58.009
2.839
195.657
1.657
22.392
40.900
103.653
56.125
281.565
42.362
64.998
17.274
83.971
55.829
76.784
26.784
3.686
96.818
62.191
9.004
58.215
4.031
105.800
83.476
347.341
36.565
43.169
42.218
76.754
16.110
37.940
61.967
29.525
36.132
63.222
144.806
126.856
118.318
22.395
157.663
92.748
33.366
7.245
84.639
260.472
205.862
45.692
82.467
21.200
82.734
7.030
19.833
26.939
105.078
36.895
1.277
18.895
6.661
2.514
91.686
17.994
25.023
3.789
21.279
113.854
239.031
125.547
40.786
8.003
77.352
77.190
38.018
118.176
121.826
1.575
248.029
153.274
180.394
293.026
168.423
136.463
86.015
17.783
91.389
35.046
70.214
43.294
55.260
85.889
90.481
14.698
66.480
56.426
4.050
0.664
30.441
6.262
81.854
46.496
279.739
139.637
111.377
22.994
23.344
4.502
107.822
3.737
94.606
55.266
16.299
4.269
63.342
12.777
48.574
47.738
184.372
103.113
37.234
126.278
254.516
1.903
207.199
211.432
156.716
104.103
54.158
149.076
21.206
13.955
43.563
56.040
61.115
25.211
12.113
51.476
7.220
151.221
42.796
27.703
103.098
90.647
39.447
116.431
93.289
34.229
61.730
39.545
5.420
320.396
41.084
4.594
95.518
56.827
48.761
319.962
232.403
2.861
9.004
130.651
62.911
25.571
30.740
7.831
8.022
45.964
141.819
79.352
51.147
172.316
62.916
21.379
43.471
117.192
179.460
66.457
21.010
68.508
61.730
205.002
155.945
23.411
44.439
2.468
188.402
97.205
27.507
79.715
118.318
24.190
68.049
100.653
18.880
73.406
65.191
151.221
151.087
7.129
285.993
62.519
5.072
7.055
285.993
16.330
158.460
16.939
18.302
204.009
49.667
171.210
31.253
193.786
24.115
151.468
3.523
466.023
38.036
186.061
1.174
125.360
28.932
21.306
27.032
132.005
366.206
63.342
64.627
56.937
13.402
84.880
135.535
24.320
23.994
36.615
166.558
13.228
88.212
1.843
207.199
192.942
119.175
92.604
2.831
69.417
12.430
26.218
75.842
82.734
173.446
37.293
45.121
55.802
0.540
2.437
14.594
384.938
38.197
11.168
1.144
28.513
59.721
16.268
35.039
40.483
65.527
66.070
1.585
27.534
14.791
20.928
45.630
46.125
24.145
4.813
211.440
46.048
173.876
21.863
136.494
23.994
177.719
115.102
78.197
27.869
147.203
12.272
28.066
42.474
138.340
58.754
82.982
117.577
11.492
14.228
101.088
54.906
218.782
39.447
26.381
332.005
0.535
21.791
7.658
21.986
101.345
62.877
225.260
38.037
64.743
47.772
39.452
34.426
41.006
65.444
3.191
95.141
23.541
34.846
7.220
42.213
19.319
41.467
59.689
6.149
85.542
40.784
142.982
330.985
32.489
71.691
1.652
41.251
163.930
29.160
104.512
27.949
41.157
79.715
27.432
131.928
7.490
44.050
4.441
11.274
47.300
140.700
22.152
127.534
30.852
128.995
11.919
16.306
0.301
117.707
32.321
89.266
123.456
93.289
183.801
19.497
239.031
98.071
141.828
30.441
12.296
34.809
144.806
38.217
44.167
57.662
125.805
15.628
90.647
48.530
11.262
156.097
16.919
49.989
68.010
121.537
58.009
216.264
35.817
103.711
86.222
14.431
18.544
157.540
118.176
104.558
10.193
35.031
153.949
33.475
108.664
45.939
39.675
13.975
42.595
109.070
92.275
40.821
44.689
156.648
43.126
7.368
135.360
15.582
14.423
418.291
63.158
5.227
62.384
3.344
58.330
41.267
34.958
13.802
117.620
61.357
12.384
21.911
136.494
41.104
4.308
141.502
128.984
117.053
96.748
40.695
12.111
80.503
43.287
84.309
207.138
76.941
16.280
10.683
40.270
101.190
3.714
140.700
32.486
68.527
15.404
92.748
30.430
91.842
227.364
116.060
64.352
4.484
46.204
96.818
51.330
61.651
86.934
138.155
8.221
140.057
6.075
207.140
308.261
63.071
112.116
95.746
4.397
79.258
39.950
50.901
6.706
1.223
170.965
13.917
130.661
10.683
98.426
28.066
56.845
41.999
5.346
37.809
40.695
122.337
7.485
117.212
50.927
66.629
75.358
184.342
139.068
275.132
10.103
81.054
300.728
16.132
108.974
59.811
42.583
38.144
31.491
43.342
145.462
164.707
9.804
1.952
28.422
315.167
54.844
7.530
28.187
31.870
163.958
25.768
17.269
24.145
143.919
50.003
23.681
55.488
59.084
21.854
23.305
7.030
70.265
214.101
0.427
23.406
40.003
5.639
27.057
74.723
41.084
171.442
119.892
98.261
55.260
45.280
2.085
18.862
28.185
21.594
22.939
65.284
18.648
208.963
40.784
62.471
38.507
95.621
213.048
12.194
92.751
156.228
180.221
132.051
49.489
8.003
68.658
10.648
1.329
18.995
19.495
7.431
53.216
93.362
14.298
1.575
93.289
36.164
50.901
20.143
15.877
91.850
125.986
78.197
74.090
2.458
60.732
3.420
7.048
96.921
97.022
267.082
42.172
489.396
25.350
332.005
37.939
83.924
43.672
148.261
45.406
222.836
70.265
5.892
47.300
20.574
12.969
25.239
29.850
35.696
142.360
52.885
80.876
65.530
27.229
189.598
10.390
15.582
31.985
99.615
48.754
132.179
118.320
123.188
59.670
122.841
53.323
92.911
5.149
261.952
4.269
17.197
7.188
228.841
30.530
13.688
172.316
142.168
86.934
15.540
213.767
3.466
12.338
82.137
64.015
244.349
44.722
53.170
131.711
117.235
10.774
60.221
289.038
115.506
121.071
170.488
26.161
138.162
153.669
339.946
193.011
49.642
256.876
131.928
214.201
40.695
48.530
75.289
146.640
8.035
204.554
4.308
21.765
42.219
132.858
2.811
120.257
35.817
32.184
211.388
105.800
9.660
21.107
40.784
16.144
22.981
1.399
91.136
37.618
53.216
27.916
91.051
2.930
63.557
115.225
56.203
400.455
64.015
137.516
71.070
16.330
41.041
55.118
51.181
19.569
23.936
6.416
21.681
34.471
34.229
251.400
140.433
12.447
35.745
189.598
72.583
90.475
43.119
132.051
21.701
38.940
68.049
54.640
145.314
164.649
12.840
13.272
169.669
408.087
44.439
93.350
59.895
78.593
145.462
0.126
36.030
18.107
135.613
442.165
54.729
226.456
45.172
413.829
41.244
3.835
42.873
32.321
130.541
24.534
34.809
2.437
16.293
300.728
54.729
281.548
40.168
25.886
66.533
3.592
28.199
89.608
19.319
130.745
91.051
180.014
104.703
48.036
89.256
308.261
0.370
42.546
27.572
24.794
214.879
4.308
21.241
138.340
79.352
13.513
178.093
179.808
56.298
126.151
30.852
83.558
130.661
23.409
397.744
263.824
44.585
126.278
14.698
242.877
22.395
14.463
11.919
35.468
141.749
32.184
23.369
22.629
24.039
106.931
12.975
46.204
39.482
113.854
53.033
1.325
35.872
67.602
70.634
124.252
134.752
56.550
8.176
78.195
29.865
144.906
201.872
69.486
117.707
52.493
159.102
140.377
117.212
13.681
99.941
53.792
180.480
36.632
19.143
39.290
10.426
84.853
218.782
116.337
291.029
56.827
16.330
36.522
25.418
19.613
94.875
31.537
32.283
0.694
5.729
7.220
12.335
113.796
33.734
124.390
229.841
28.932
122.970
52.715
17.715
72.826
2.443
24.145
86.834
7.069
284.534
59.667
131.527
109.707
52.715
55.382
42.324
31.648
141.553
2.930
137.209
156.716
41.467
32.939
68.346
78.576
32.283
49.072
26.872
345.096
66.793
222.817
27.945
4.466
101.926
4.793
60.221
125.870
58.215
181.640
379.276
2.930
40.581
69.459
55.550
78.924
20.282
379.276
77.724
26.722
55.937
16.334
2.537
249.820
62.916
32.902
5.118
228.841
10.542
12.042
9.004
7.883
187.096
163.453
207.138
180.014
70.214
24.320
37.093
97.002
8.465
95.183
19.595
1.795
4.692
46.262
63.885
3.288
7.030
54.760
40.380
85.035
2.443
121.208
52.744
26.734
0.254
77.724
91.231
25.532
6.210
80.781
14.991
19.997
60.794
47.589
63.671
155.560
33.809
149.566
25.571
147.242
11.919
84.483
1.241
39.163
29.679
83.791
13.037
199.425
32.738
157.186
11.078
79.856
101.345
258.868
24.026
6.321
47.772
151.520
280.262
78.936
15.695
7.493
27.324
90.899
126.154
284.534
36.132
15.877
149.138
66.155
66.298
374.877
89.113
14.578
151.561
166.385
25.546
4.502
131.139
285.993
89.913
91.231
103.867
118.494
180.300
149.382
202.216
86.258
2.815
22.134
114.207
9.045
20.720
59.408
50.023
160.318
7.094
32.503
31.495
83.691
41.860
189.381
25.140
30.654
45.249
77.696
70.649
10.700
6.535
20.865
49.381
193.663
196.093
286.379
86.801
101.324
145.301
11.780
193.105
20.720
35.792
127.286
150.874
10.567
103.867
52.092
404.201
58.007
142.982
260.472
72.038
8.953
129.612
65.586
173.446
21.656
27.332
107.913
8.984
176.096
20.088
106.381
17.196
312.842
79.955
46.757
418.291
95.069
5.073
13.688
33.807
59.689
163.277
6.683
59.667
73.494
52.885
107.423
27.976
37.006
124.617
74.173
23.369
83.701
477.539
157.186
28.042
151.520
119.657
29.490
151.330
12.272
39.800
33.931
3.052
106.048
23.663
31.676
3.656
39.800
153.935
62.384
107.423
20.850
210.108
55.488
122.337
22.983
30.219
5.149
59.809
18.348
125.997
14.727
121.442
129.291
63.557
224.135
124.115
1.239
90.481
97.960
62.967
11.470
0.621
11.470
70.214
4.269
38.594
45.065
44.705
140.101
60.498
62.519
67.838
83.449
24.225
41.467
62.909
0.454
409.445
139.782
72.210
21.086
137.516
261.952
24.705
53.033
74.217
20.143
119.990
96.992
43.570
39.823
81.024
44.439
0.862
121.071
124.252
33.750
56.527
87.851
36.579
13.917
117.528
95.646
32.764
1.329
61.323
95.069
202.935
32.295
59.325
94.901
5.345
146.475
82.734
3.079
102.837
78.635
163.958
34.079
30.074
12.747
29.634
227.364
62.916
27.976
33.381
201.872
43.505
137.319
74.849
3.737
3.191
34.203
59.059
70.265
2.622
6.696
77.076
59.790
249.614
13.037
18.470
26.872
38.678
26.830
50.194
48.738
122.143
16.280
28.667
44.543
1.652
17.123
7.431
123.768
19.595
187.253
150.050
17.695
20.574
170.239
184.575
44.938
99.065
125.188
116.984
30.258
434.467
27.534
113.540
106.173
155.153
19.843
8.310
34.094
69.293
166.717
21.863
6.136
16.721
187.817
214.101
53.792
7.189
16.430
9.004
112.671
87.581
161.859
168.423
40.094
89.796
2.136
67.757
32.939
7.831
3.753
12.384
58.522
56.505
97.022
19.235
51.348
25.018
109.277
88.726
52.179
44.860
58.768
111.567
14.324
69.957
203.345
132.067
83.145
42.627
252.227
64.175
27.368
374.877
19.547
60.545
15.305
64.522
54.724
260.626
101.103
98.618
118.176
1.655
190.014
74.723
46.526
35.247
102.601
17.274
14.548
16.247
2.686
166.558
129.291
45.406
79.856
100.434
8.465
150.750
68.049
12.806
59.689
40.547
7.055
126.835
45.978
87.432
346.098
54.760
168.495
37.532
80.113
180.140
13.291
35.696
156.097
46.331
38.876
184.575
54.781
79.525
18.163
67.446
427.455
83.643
31.734
97.281
150.366
68.508
120.544
13.265
14.779
137.516
41.860
12.806
29.932
35.792
33.818
37.006
242.877
53.784
249.453
63.299
27.333
83.924
127.398
29.634
25.116
37.939
132.179
71.229
23.681
82.099
13.162
7.712
33.931
86.448
196.212
285.993
267.082
8.426
10.193
81.155
66.070
38.511
197.957
146.433
91.927
71.978
115.701
36.773
30.074
11.262
16.268
25.166
49.522
187.517
77.195
43.801
14.443
60.293
61.323
1.354
39.348
244.349
78.523
174.619
209.634
242.877
123.596
91.721
6.157
20.016
43.317
16.240
39.348
272.823
69.029
196.093
133.769
13.590
95.320
59.895
50.840
353.401
52.972
96.688
112.125
301.030
56.203
80.483
254.431
15.192
112.125
25.716
51.491
30.419
66.155
51.695
41.999
292.410
176.694
11.492
32.406
73.888
10.299
205.748
58.007
75.907
75.701
93.672
37.664
88.260
19.997
45.978
7.530
77.195
24.320
109.904
126.835
39.290
8.419
105.313
44.958
142.415
37.159
35.483
143.366
0.535
24.225
76.727
24.794
141.611
129.612
188.402
12.271
181.323
18.998
96.921
120.319
15.674
336.954
9.373
57.428
1.223
49.818
3.723
23.306
21.206
128.214
26.230
124.226
5.639
31.576
54.781
0.621
109.403
18.379
127.110
0.709
124.114
61.302
98.426
11.810
151.966
19.656
104.103
7.490
227.364
120.319
5.804
102.100
98.724
73.856
3.231
26.462
71.143
27.809
48.036
13.232
4.459
159.774
57.249
210.108
109.044
24.705
30.653
219.674
7.734
269.855
83.134
22.954
237.824
9.293
21.868
149.036
169.834
154.880
10.228
0.258
32.283
8.423
82.065
39.246
245.882
56.222
27.786
177.270
3.249
10.426
48.341
89.608
176.832
159.020
3.585
127.039
30.258
111.010
162.218
27.432
140.348
151.520
280.262
84.483
10.683
16.706
65.564
0.642
6.683
18.872
82.537
169.163
33.038
29.634
211.812
25.827
112.125
118.217
21.752
163.958
5.073
76.934
151.153
73.576
42.766
267.082
45.939
87.161
241.634
65.451
72.892
93.743
365.960
22.035
46.646
98.675
3.546
184.575
66.544
125.870
44.958
3.424
120.312
161.859
97.210
37.117
84.880
8.535
125.997
2.811
93.290
21.200
21.594
46.125
35.031
43.801
20.143
3.191
125.188
115.094
28.166
54.410
28.724
41.667
1.144
355.027
151.066
237.824
218.176
84.164
102.130
48.761
48.271
21.200
49.165
100.139
65.744
47.634
7.490
7.694
227.513
19.606
41.316
2.325
14.976
108.268
31.491
103.851
11.574
3.957
12.721
211.388
173.446
81.659
433.480
19.608
53.062
102.099
83.179
38.511
81.664
61.459
7.490
11.919
126.835
74.723
14.350
42.878
81.664
88.212
47.841
37.116
15.409
53.216
75.745
19.055
7.125
358.306
3.523
137.155
45.747
188.402
35.063
74.849
60.194
171.210
2.719
18.847
3.082
45.630
10.291
4.487
150.429
27.229
26.043
101.700
16.306
22.007
119.206
31.286
19.843
12.384
262.451
28.522
43.808
75.907
76.941
64.627
127.589
14.282
6.170
9.151
48.738
254.516
22.208
55.265
136.791
21.279
106.161
15.172
7.138
25.116
0.694
78.523
195.100
15.582
6.980
25.552
244.680
52.171
78.615
59.754
77.137
83.145
136.828
44.722
284.238
124.391
145.462
172.860
56.827
59.114
86.934
118.176
35.299
15.587
14.698
77.994
136.897
140.897
124.302
13.291
9.304
146.934
158.460
32.322
19.414
150.769
29.850
9.070
161.356
26.722
2.967
68.248
136.645
186.522
32.290
23.447
62.471
16.939
25.023
12.747
23.894
414.874
98.071
124.159
233.227
38.634
44.167
10.092
69.972
120.286
33.176
66.816
36.030
15.877
17.037
92.889
53.323
20.282
52.235
123.603
39.632
151.221
35.940
79.955
65.843
22.656
6.728
104.703
199.425
10.103
102.601
159.774
23.406
340.152
21.487
41.006
130.790
142.168
203.010
124.391
75.791
7.694
64.672
215.938
7.895
100.185
141.826
129.031
0.302
36.056
3.892
6.661
2.458
91.389
40.168
31.253
30.654
41.291
3.420
17.939
125.726
1.585
47.209
42.146
106.951
66.976
67.882
121.537
85.035
4.781
130.038
75.604
2.984
151.066
75.884
83.449
155.718
44.585
33.391
13.653
169.569
45.639
2.136
56.203
28.763
146.475
28.270
72.665
63.951
5.227
22.280
37.006
13.861
120.544
95.518
49.381
36.056
20.393
64.698
352.379
179.749
4.953
69.417
8.404
70.790
128.327
14.698
38.594
135.877
13.802
63.301
10.385
124.391
58.266
5.639
57.385
75.474
20.393
14.837
379.276
39.800
18.820
55.751
59.560
30.564
19.833
23.229
29.163
46.526
188.599
67.986
2.537
31.534
23.065
153.935
26.952
86.258
9.479
64.627
55.118
163.453
182.367
65.847
233.144
49.102
57.531
220.390
75.884
64.926
151.066
232.536
49.165
81.467
65.218
83.924
117.620
17.189
95.293
92.250
13.913
109.201
116.984
21.752
172.442
3.082
79.715
106.328
221.003
81.441
3.585
150.050
5.697
529.528
12.796
4.949
213.048
132.382
24.948
74.353
114.048
4.781
240.528
65.767
94.831
8.601
40.168
20.478
56.527
137.516
0.709
76.054
35.817
198.054
14.837
27.296
86.801
72.583
38.678
56.426
81.584
134.089
40.483
218.148
75.314
16.560
20.574
2.228
10.529
74.485
81.552
9.172
78.053
136.466
60.732
59.889
170.965
113.510
6.870
43.563
153.949
71.129
79.351
16.280
100.120
25.644
26.734
38.511
52.243
11.957
209.964
8.176
82.467
44.705
40.003
6.819
60.077
35.904
135.777
129.031
56.527
163.930
108.664
14.976
117.081
237.824
38.255
19.497
52.179
152.253
72.621
90.584
70.265
29.445
96.008
232.536
28.199
138.595
7.245
116.060
62.028
0.664
78.351
30.530
113.854
28.268
84.883
125.805
59.408
103.512
38.308
22.529
25.843
134.942
9.293
9.198
27.755
44.316
26.462
17.783
164.649
248.029
298.639
57.333
108.945
12.124
193.692
59.114
134.942
101.740
32.624
77.505
67.646
30.317
199.663
14.767
53.216
76.486
46.217
38.184
15.192
272.196
9.114
44.548
233.144
5.345
22.810
8.419
90.481
1.657
1.174
72.210
48.747
241.634
3.420
27.916
58.941
141.502
41.860
53.033
51.348
21.868
24.145
111.567
35.904
58.718
92.250
115.053
142.415
16.247
191.155
101.324
73.447
32.459
211.244
171.210
47.024
61.554
22.018
54.781
19.400
75.432
21.376
51.282
140.101
33.807
17.037
6.442
80.215
52.171
145.462
64.352
62.966
188.908
203.345
10.906
30.496
12.518
21.765
189.381
78.234
113.566
31.975
244.680
32.151
55.382
56.324
74.849
155.492
66.481
191.155
151.431
115.102
32.117
5.155
51.952
14.741
35.552
10.098
16.535
45.632
141.611
7.174
1.903
159.012
134.421
101.719
4.953
258.557
10.291
241.634
75.121
77.505
20.105
38.018
91.737
40.797
209.634
117.212
152.391
124.705
30.447
65.217
2.144
28.932
143.167
85.487
10.766
16.203
179.590
64.558
67.191
18.998
20.661
182.511
28.359
152.079
72.718
149.776
23.779
3.034
45.406
182.367
25.864
151.000
27.869
21.057
51.517
40.990
83.971
31.576
3.546
46.156
5.252
156.941
7.712
97.210
105.800
137.967
25.552
44.585
140.897
24.580
14.578
40.151
131.588
55.265
35.091
42.627
7.245
7.038
53.784
42.513
42.878
32.151
20.974
77.547
10.529
80.625
13.536
2.945
24.253
69.401
156.536
42.474
53.531
6.395
144.757
295.533
55.265
19.833
78.630
26.327
67.646
52.857
18.470
23.229
7.220
102.100
150.750
54.724
23.964
25.886
44.019
24.891
134.752
158.460
25.532
4.487
8.022
161.277
121.646
0.170
16.159
87.858
54.724
5.118
200.173
4.527
14.337
36.408
7.485
100.329
91.135
28.997
114.791
14.337
96.921
123.188
24.064
138.910
156.953
35.870
122.970
447.290
60.863
0.568
34.680
70.450
38.144
28.954
6.075
9.070
346.159
619.887
88.753
34.846
122.668
44.219
39.246
96.707
55.867
131.588
365.960
118.318
97.905
6.395
5.212
57.953
9.101
13.272
136.466
99.911
38.144
10.730
2.085
65.110
94.517
125.997
260.626
108.974
61.115
60.704
33.974
185.815
86.435
74.565
88.791
162.297
7.188
5.631
12.430
6.329
89.266
19.835
229.408
192.808
54.024
18.725
68.099
238.581
42.627
27.847
114.096
45.032
233.144
30.074
55.553
17.548
52.171
16.046
229.546
6.416
134.752
121.208
59.059
109.403
5.639
37.532
292.348
32.085
85.902
43.126
46.757
38.331
13.310
260.892
118.320
66.481
5.076
107.913
142.199
65.663
131.233
25.737
254.730
44.417
34.958
64.522
86.446
99.065
118.129
16.359
35.896
360.629
21.791
249.126
31.870
181.640
59.165
313.136
103.735
321.297
50.901
98.618
39.482
32.489
28.422
8.235
50.747
205.825
21.911
113.566
4.484
54.745
150.015
8.235
171.268
0.362
246.980
140.348
45.451
40.483
149.138
4.895
192.682
3.191
201.820
19.414
11.078
22.149
39.334
38.188
15.305
288.054
54.158
86.934
7.211
108.945
42.706
6.056
87.460
311.238
19.497
16.560
140.348
