1
5
6
5
3
4
9
8
5
4
6
1
0
7
4
3
6
0
2
2
6
6
6
3
5
2
6
4
2
5
1
3
1
1
1
5
3
4
9
11
5
4
7
3
1
5
2
5
1
4
4
4
1
3
5
4
2
4
5
4
3
6
1
3
5
3
7
3
4
5
5
1
5
4
3
6
6
5
4
0
7
4
4
4
4
7
6
3
1
1
6
9
0
3
0
12
10
1
6
2
1
9
5
9
4
4
6
0
5
5
5
4
1
5
3
7
3
4
2
8
4
6
1
2
10
5
6
3
5
5
3
3
6
4
3
6
3
5
9
3
0
3
5
6
2
0
4
6
3
1
2
3
6
9
4
3
4
5
9
2
5
6
3
2
3
1
3
4
2
6
1
3
1
3
3
4
4
5
1
3
2
1
7
10
5
5
6
9
1
0
3
5
4
4
8
3
1
6
6
6
3
6
8
1
2
5
3
2
10
2
6
3
4
5
9
8
4
3
8
3
4
2
4
3
3
2
2
4
6
6
4
4
5
1
7
3
5
10
6
2
7
0
5
4
3
1
5
7
4
3
3
2
3
1
4
10
6
3
5
5
1
4
2
5
5
4
2
1
5
3
4
6
4
3
7
3
6
4
3
3
4
3
3
4
3
5
2
1
5
6
8
3
3
8
3
3
4
2
6
3
